
25/02/2023  14:21:03

;0000 - 1;;0001 - 2;;0002 - 3;;0003 - 4;;0004 - 5;;0005 - 6;;0006 - 7;;0007 - 8;;0008 - 9;;0009 - 10;;000A - 11;;000B - 12;;000C - 13;;000D - 14;;000E - 15;;000F - 16;;0010 - 17;;0011 - 18;;0012 - 19;;0013 - 20;;0014 - 21;;0015 - 22;;0016 - 23;;0017 - 24;;0018 - 25;;0019 - 26;;001A - 27;;001B - 28;;001C - 29;;001D - 30;;001E - 31;;001F - 32;;0020 - 33;;0021 - 34;;0022 - 35;;0023 - 36;;0024 - 37;;0025 - 38;;0026 - 39;;0027 - 40;;0028 - 41;;0029 - 42;;002A - 43;;002B - 44;;002C - 45;;002D - 46;;002E - 47;;002F - 48;;0030 - 49;;0031 - 50;;0032 - 51;;0033 - 52;;0034 - 53;;0035 - 54;;0036 - 55;;0037 - 56;;0038 - 57;;0039 - 58;
01 nr;0;1;1;1;2;1;3;1;4;1;5;1;6;1;7;1;8;1;9;1;10;1;11;1;12;1;13;1;14;1;15;1;16;1;17;1;18;1;19;1;20;1;21;1;22;1;23;1;24;1;25;1;26;1;27;1;28;1;29;1;30;1;31;1;32;1;33;1;34;1;35;1;36;1;37;1;38;1;39;1;40;1;41;1;42;1;43;1;44;1;45;1;46;1;47;1;48;1;49;1;50;1;51;1;52;1;53;1;54;1;55;1;56;1;57;
02 mode;0;1;1;1;1;1;1;1;1;1;1;1;1;1;1;1;1;1;1;1;1;1;1;1;1;1;4;1;4;1;3;1;3;1;3;1;0;1;2;1;1;1;1;1;1;1;5;1;5;1;1;1;7;1;1;1;1;1;1;1;1;1;1;1;5;1;1;1;1;1;1;1;1;1;1;1;1;1;9;1;9;1;1;1;1;1;1;1;1;1;1;1;1;1;5;1;5;1;5;1;15;1;15;1;5;1;5;1;1;1;5;1;1;1;1;
03 state;0;1;1;1;1;1;1;1;1;1;1;1;1;1;1;1;1;1;1;1;1;1;1;1;1;1;1;1;1;1;1;1;1;1;1;1;1;1;1;1;1;1;1;1;1;1;1;1;1;1;1;1;1;1;1;1;1;1;1;1;1;1;1;1;1;1;1;1;1;1;1;1;1;1;1;1;1;1;1;1;1;1;1;1;1;1;1;1;1;1;1;1;1;1;1;1;1;1;1;1;1;1;1;1;1;1;1;1;1;1;1;1;1;1;1;
04 prior;100;1;100;1;101;1;100;1;101;1;100;1;101;1;100;1;101;1;100;1;101;1;100;1;101;1;100;1;100;1;100;1;100;1;100;1;100;1;100;1;100;1;101;1;100;1;100;1;100;1;100;1;100;1;100;1;100;1;100;1;100;1;100;1;100;1;100;1;101;1;100;1;101;1;102;1;103;1;100;1;100;1;100;1;101;1;100;1;102;1;101;1;100;1;100;1;100;1;100;1;100;1;100;1;100;1;100;1;100;1;100;1;100;1;100;
05 prwahl;1;1;1;1;1;1;1;1;1;1;1;1;1;1;1;1;1;1;1;1;1;1;1;1;1;1;1;1;1;1;1;1;1;1;1;1;1;1;1;1;1;1;1;1;1;1;1;1;1;1;1;1;1;1;1;1;1;1;1;1;1;1;1;1;1;1;1;1;1;1;1;1;1;1;1;1;1;1;1;1;1;1;1;1;1;1;1;1;1;1;1;1;1;1;1;1;1;1;1;1;1;1;1;1;1;1;1;1;1;1;1;1;1;1;1;
06 prtx;0;1;20;1;20;1;0;1;0;1;0;1;0;1;20;1;20;1;20;1;20;1;20;1;20;1;0;1;0;1;0;1;0;1;0;1;0;1;0;1;20;1;20;1;20;1;0;1;0;1;20;1;0;1;20;1;20;1;20;1;20;1;20;1;0;1;20;1;20;1;20;1;0;1;0;1;0;1;0;1;0;1;0;1;0;1;0;1;0;1;0;1;20;1;0;1;0;1;0;1;0;1;0;1;0;1;0;1;20;1;0;1;20;1;20;
07 zub;0;1;1;1;1;1;1;1;1;1;1;1;1;1;1;1;1;1;1;1;1;1;1;1;1;1;0;1;0;1;0;1;0;1;0;1;0;1;0;1;1;1;1;1;1;1;0;1;0;1;1;1;0;1;1;1;1;1;1;1;1;1;1;1;0;1;1;1;1;1;1;1;1;1;1;1;1;1;0;1;0;1;0;1;0;1;0;1;0;1;0;1;0;1;0;1;0;1;0;1;0;1;0;1;0;1;0;1;1;1;0;1;1;1;1;
08 zugabe;0;1;4;1;4;1;0;1;0;1;0;1;0;1;0;1;0;1;3;1;3;1;3;1;3;1;2;1;2;1;1;1;1;1;1;1;0;1;0;1;3;1;3;1;4;1;0;1;0;1;5;1;0;1;9;1;10;1;10;1;10;1;11;1;9;1;4;1;4;1;10;1;0;1;0;1;0;1;14;1;0;1;0;1;0;1;0;1;0;1;0;1;5;1;0;1;0;1;9;1;0;1;0;1;8;1;8;1;5;1;11;1;3;1;3;
09 ausvar;100;1;100;1;100;1;100;1;100;1;100;1;100;1;100;1;100;1;100;1;100;1;100;1;100;1;100;1;100;1;100;1;100;1;100;1;100;1;100;1;100;1;100;1;100;1;100;1;100;1;100;1;100;1;100;1;100;1;100;1;100;1;100;1;100;1;100;1;100;1;100;1;100;1;100;1;100;1;100;1;100;1;100;1;100;1;100;1;100;1;100;1;100;1;100;1;100;1;100;1;100;1;100;1;100;1;100;1;100;1;100;1;100;1;100;
0A mehlmeng;30;1;41;1;69;1;37;1;61;1;60;1;60;1;41;1;69;1;37;1;61;1;55;1;55;1;30;1;30;1;30;1;30;1;30;1;30;1;33;1;41;1;69;1;41;1;30;1;30;1;60;1;30;1;41;1;41;1;37;1;44;1;41;1;30;1;55;1;80;1;55;1;60;1;60;1;60;1;30;1;30;1;45;1;75;1;60;1;75;1;75;1;50;1;30;1;30;1;30;1;30;1;30;1;30;1;30;1;60;1;30;1;39;1;64;
0B mehlm2;0x00000000;1;0x00000001;1;0x00000001;1;0x00000010;1;0x00000010;1;0x00000010;1;0x00000010;1;0x00000001;1;0x00000001;1;0x00000010;1;0x00000010;1;0x00000010;1;0x00000010;1;0x00000001;1;0x00000001;1;0x00000001;1;0x00000001;1;0x00000001;1;0x00000001;1;0x00000001;1;0x00000001;1;0x00000001;1;0x00000001;1;0x00010000;1;0x00010000;1;0x00000001;1;0x00000000;1;0x00000001;1;0x00000001;1;0x00000001;1;0x00000001;1;0x00000001;1;0x00010000;1;0x00000001;1;0x00000001;1;0x00000001;1;0x00000001;1;0x00000001;1;0x00000001;1;0x00000000;1;0x00000000;1;0x00000001;1;0x00000001;1;0x00000001;1;0x00000001;1;0x00000001;1;0x00000001;1;0x00001000;1;0x00001000;1;0x00001000;1;0x00001000;1;0x00001000;1;0x00010000;1;0x00001000;1;0x00000001;1;0x00010000;1;0x00000001;1;0x00000001;
0C wassm;100;1;35;1;70;1;140;1;280;1;180;1;180;1;35;1;70;1;70;1;140;1;65;1;65;1;10;1;10;1;10;1;10;1;10;1;10;1;10;1;40;1;80;1;25;1;10;1;10;1;30;1;10;1;35;1;35;1;70;1;40;1;35;1;10;1;55;1;110;1;55;1;170;1;170;1;170;1;250;1;250;1;125;1;250;1;200;1;250;1;250;1;40;1;10;1;10;1;10;1;10;1;10;1;10;1;10;1;30;1;10;1;35;1;70;
0D dosmeng;0;1;105;1;205;1;0;1;0;1;0;1;0;1;0;1;0;1;60;1;130;1;85;1;85;1;100;1;90;1;90;1;100;1;90;1;0;1;180;1;130;1;260;1;30;1;0;1;0;1;80;1;90;1;80;1;140;1;130;1;300;1;130;1;80;1;75;1;140;1;70;1;0;1;0;1;0;1;90;1;90;1;0;1;0;1;0;1;0;1;0;1;80;1;0;1;0;1;100;1;0;1;0;1;100;1;100;1;80;1;150;1;70;1;130;
0E dos001;0;1;0;1;0;1;0;1;0;1;0;1;0;1;0;1;0;1;40;1;80;1;40;1;40;1;0;1;0;1;0;1;0;1;0;1;0;1;0;1;100;1;200;1;0;1;0;1;0;1;0;1;60;1;0;1;0;1;0;1;0;1;0;1;0;1;0;1;0;1;0;1;0;1;0;1;0;1;60;1;60;1;0;1;0;1;0;1;0;1;0;1;0;1;0;1;0;1;0;1;0;1;0;1;0;1;0;1;0;1;0;1;45;1;90;
0F brw001;50;1;50;1;50;1;50;1;50;1;50;1;50;1;50;1;50;1;50;1;50;1;50;1;50;1;0;1;0;1;0;1;0;1;0;1;0;1;0;1;50;1;50;1;50;1;0;1;0;1;50;1;50;1;50;1;50;1;50;1;50;1;50;1;0;1;50;1;50;1;50;1;50;1;50;1;50;1;50;1;50;1;50;1;50;1;50;1;50;1;50;1;50;1;0;1;0;1;0;1;0;1;0;1;0;1;0;1;50;1;0;1;50;1;50;
10 brw002;0;1;0;1;0;1;0;1;0;1;0;1;0;1;0;1;0;1;0;1;0;1;0;1;0;1;0;1;0;1;0;1;0;1;0;1;0;1;0;1;0;1;0;1;0;1;0;1;0;1;0;1;0;1;0;1;0;1;0;1;0;1;0;1;1;1;0;1;0;1;0;1;0;1;0;1;0;1;1;1;1;1;1;1;1;1;1;1;1;1;1;1;1;1;0;1;0;1;0;1;0;1;0;1;0;1;0;1;0;1;0;1;0;1;0;
11 brw003;8;1;8;1;8;1;8;1;8;1;8;1;8;1;8;1;8;1;8;1;8;1;8;1;8;1;8;1;8;1;8;1;8;1;8;1;8;1;8;1;8;1;8;1;8;1;8;1;8;1;8;1;0;1;8;1;8;1;8;1;8;1;8;1;8;1;8;1;8;1;8;1;8;1;8;1;8;1;8;1;8;1;8;1;8;1;8;1;8;1;8;1;8;1;8;1;8;1;8;1;8;1;8;1;8;1;8;1;8;1;8;1;8;1;8;
12 preinf;0;1;20;1;0;1;0;1;0;1;0;1;0;1;20;1;0;1;0;1;0;1;0;1;0;1;0;1;0;1;0;1;0;1;0;1;0;1;0;1;20;1;0;1;20;1;0;1;0;1;20;1;0;1;20;1;20;1;0;1;20;1;20;1;0;1;20;1;0;1;20;1;0;1;0;1;0;1;0;1;0;1;0;1;0;1;0;1;0;1;0;1;0;1;0;1;0;1;0;1;0;1;0;1;0;1;0;1;20;1;0;1;20;1;0;
13 zmaktiv;0;1;0;1;0;1;0;1;0;1;0;1;0;1;0;1;0;1;0;1;0;1;0;1;0;1;0;1;0;1;0;1;0;1;0;1;0;1;0;1;0;1;0;1;0;1;0;1;0;1;0;1;0;1;0;1;0;1;0;1;0;1;0;1;0;1;0;1;0;1;0;1;0;1;0;1;0;1;0;1;0;1;1;1;1;1;1;1;1;1;1;1;0;1;0;1;0;1;0;1;0;1;0;1;0;1;0;1;0;1;0;1;0;1;0;
14 zmstart;15;1;15;1;15;1;15;1;15;1;15;1;15;1;15;1;15;1;15;1;15;1;15;1;15;1;15;1;15;1;15;1;15;1;15;1;15;1;15;1;15;1;15;1;15;1;15;1;15;1;15;1;15;1;15;1;15;1;15;1;15;1;15;1;15;1;15;1;15;1;15;1;15;1;15;1;15;1;15;1;15;1;30;1;25;1;25;1;25;1;25;1;15;1;15;1;15;1;15;1;15;1;15;1;15;1;15;1;15;1;15;1;15;1;15;
15 zmlang;16;1;16;1;16;1;16;1;16;1;16;1;16;1;16;1;16;1;16;1;16;1;16;1;16;1;16;1;16;1;16;1;16;1;16;1;16;1;16;1;16;1;16;1;16;1;16;1;16;1;16;1;16;1;16;1;16;1;16;1;16;1;16;1;16;1;16;1;16;1;16;1;16;1;16;1;16;1;16;1;16;1;100;1;100;1;100;1;100;1;100;1;16;1;16;1;16;1;16;1;16;1;16;1;16;1;16;1;16;1;16;1;16;1;16;
16 bkstart;5;1;5;1;5;1;5;1;5;1;5;1;5;1;5;1;5;1;5;1;5;1;5;1;5;1;0;1;0;1;0;1;0;1;0;1;0;1;0;1;5;1;5;1;5;1;0;1;0;1;5;1;0;1;5;1;5;1;5;1;5;1;5;1;0;1;5;1;5;1;5;1;5;1;5;1;5;1;0;1;0;1;5;1;5;1;5;1;5;1;5;1;5;1;0;1;0;1;0;1;0;1;0;1;0;1;0;1;5;1;0;1;0;1;0;
17 bklang;95;1;95;1;95;1;95;1;95;1;95;1;95;1;95;1;95;1;95;1;95;1;95;1;95;1;1;1;1;1;1;1;1;1;1;1;1;1;1;1;95;1;95;1;95;1;1;1;1;1;95;1;1;1;95;1;95;1;95;1;95;1;95;1;1;1;95;1;95;1;95;1;95;1;95;1;95;1;1;1;1;1;95;1;95;1;95;1;95;1;95;1;95;1;1;1;1;1;1;1;1;1;1;1;1;1;1;1;95;1;1;1;95;1;95;
18 ZgbMehl;0;1;0;1;0;1;0;1;0;1;0;1;0;1;0;1;0;1;0;1;0;1;0;1;0;1;0;1;0;1;0;1;0;1;0;1;0;1;0;1;0;1;0;1;0;1;63;1;90;1;60;1;0;1;31;1;0;1;0;1;0;1;60;1;38;1;0;1;0;1;0;1;0;1;0;1;0;1;0;1;0;1;0;1;0;1;0;1;0;1;0;1;60;1;60;1;90;1;65;1;70;1;70;1;65;1;65;1;60;1;100;1;0;1;0;
19 jklang;0;1;5;1;0;1;0;1;0;1;0;1;0;1;5;1;0;1;0;1;0;1;0;1;0;1;0;1;0;1;0;1;0;1;0;1;0;1;0;1;5;1;0;1;5;1;0;1;0;1;5;1;0;1;5;1;5;1;0;1;5;1;5;1;0;1;5;1;0;1;5;1;0;1;0;1;0;1;0;1;0;1;0;1;0;1;0;1;0;1;0;1;0;1;0;1;0;1;0;1;0;1;0;1;0;1;0;1;5;1;0;1;5;1;0;
1A capvar;0;1;3;1;3;1;0;1;0;1;0;1;0;1;0;1;0;1;3;1;3;1;3;1;3;1;0;1;0;1;0;1;0;1;0;1;0;1;0;1;3;1;3;1;1;1;0;1;0;1;0;1;0;1;3;1;3;1;2;1;1;1;2;1;0;1;2;1;2;1;2;1;0;1;0;1;0;1;0;1;0;1;0;1;0;1;0;1;0;1;0;1;0;1;0;1;0;1;0;1;0;1;0;1;0;1;0;1;0;1;0;1;1;1;1;
1B milvar;0;1;3;1;3;1;0;1;0;1;0;1;0;1;0;1;0;1;3;1;3;1;3;1;3;1;0;1;0;1;0;1;0;1;0;1;0;1;0;1;3;1;3;1;1;1;0;1;0;1;0;1;0;1;0;1;3;1;3;1;1;1;3;1;0;1;2;1;2;1;2;1;0;1;0;1;0;1;0;1;0;1;0;1;0;1;0;1;0;1;0;1;0;1;0;1;0;1;0;1;0;1;0;1;0;1;0;1;0;1;0;1;1;1;1;
1C dosvar;0;1;0;1;0;1;0;1;0;1;0;1;0;1;0;1;0;1;0;1;0;1;0;1;0;1;3;1;2;1;2;1;3;1;3;1;0;1;2;1;0;1;0;1;0;1;1;1;1;1;1;1;2;1;1;1;0;1;0;1;0;1;1;1;1;1;0;1;0;1;0;1;0;1;0;1;0;1;1;1;1;1;0;1;0;1;0;1;0;1;0;1;0;1;1;1;1;1;1;1;1;1;1;1;1;1;1;1;1;1;1;1;0;1;0;
1D tropre;10;1;15;1;15;1;15;1;15;1;15;1;15;1;15;1;15;1;15;1;15;1;15;1;15;1;10;1;10;1;10;1;10;1;10;1;10;1;10;1;15;1;15;1;15;1;10;1;10;1;15;1;10;1;15;1;15;1;15;1;15;1;15;1;10;1;15;1;15;1;15;1;15;1;15;1;15;1;10;1;10;1;15;1;15;1;15;1;15;1;15;1;15;1;10;1;10;1;10;1;10;1;10;1;10;1;10;1;15;1;10;1;15;1;15;
1E mtropre;1;1;1;1;1;1;1;1;1;1;1;1;1;1;1;1;1;1;1;1;1;1;1;1;1;1;1;1;1;1;1;1;1;1;1;1;1;1;1;1;1;1;1;1;1;1;1;1;1;1;1;1;1;1;1;1;1;1;1;1;1;1;1;1;1;1;1;1;1;1;1;1;1;1;1;1;1;1;1;1;1;1;1;1;1;1;1;1;1;1;1;1;1;1;1;1;1;1;1;1;1;1;1;1;1;1;1;1;1;1;1;1;1;1;1;
1F brzeit;20;1;10;1;17;1;14;1;23;1;23;1;23;1;12;1;18;1;15;1;25;1;25;1;25;1;20;1;20;1;20;1;20;1;20;1;20;1;20;1;12;1;20;1;20;1;10;1;20;1;20;1;20;1;10;1;10;1;15;1;12;1;10;1;10;1;10;1;17;1;10;1;14;1;14;1;14;1;20;1;20;1;14;1;20;1;18;1;40;1;40;1;20;1;10;1;20;1;10;1;10;1;20;1;10;1;10;1;20;1;10;1;12;1;20;
20 vorwl;1;1;1;1;1;1;1;1;1;1;1;1;2;1;1;1;1;1;1;1;1;1;1;1;2;1;1;1;1;1;1;1;1;1;1;1;1;1;1;1;1;1;1;1;1;1;1;1;1;1;1;1;1;1;1;1;1;1;1;1;1;1;1;1;1;1;1;1;1;1;1;1;2;1;3;1;4;1;1;1;1;1;1;1;1;1;1;1;2;1;1;1;1;1;1;1;1;1;1;1;1;1;1;1;1;1;1;1;1;1;1;1;1;1;1;
21 munzp;1;1;2;1;1;1;1;1;1;1;1;1;1;1;2;1;1;1;1;1;1;1;1;1;1;1;0;1;0;1;0;1;0;1;0;1;0;1;0;1;2;1;1;1;2;1;0;1;0;1;2;1;0;1;2;1;2;1;1;1;2;1;2;1;0;1;2;1;1;1;2;1;1;1;1;1;1;1;0;1;0;1;0;1;0;1;0;1;0;1;0;1;0;1;0;1;0;1;0;1;0;1;0;1;0;1;0;1;2;1;0;1;2;1;1;
22 preis;0;1;0;1;0;1;0;1;0;1;0;1;0;1;0;1;0;1;0;1;0;1;0;1;0;1;0;1;0;1;0;1;0;1;0;1;0;1;0;1;1;1;1;1;0;1;0;1;0;1;0;1;0;1;0;1;0;1;0;1;0;1;0;1;0;1;0;1;0;1;0;1;0;1;0;1;0;1;0;1;0;1;0;1;0;1;0;1;0;1;0;1;0;1;0;1;0;1;0;1;0;1;0;1;0;1;0;1;0;1;0;1;1;1;1;
23 fehler;0;1;0;1;0;1;0;1;0;1;0;1;0;1;0;1;0;1;0;1;0;1;0;1;0;1;0;1;0;1;0;1;0;1;0;1;0;1;0;1;0;1;0;1;0;1;0;1;0;1;0;1;0;1;0;1;0;1;0;1;0;1;0;1;0;1;0;1;0;1;0;1;0;1;0;1;0;1;0;1;0;1;0;1;0;1;0;1;0;1;0;1;0;1;0;1;0;1;0;1;0;1;0;1;0;1;0;1;0;1;0;1;0;1;0;
24 text;Tas. Dummy         ;1;1 cappuccino   ;1;2 cappuccino   ;1;1 cafe creme   ;1;2 cafe creme   ;1;jug cafe creme ;1;2jug cafe creme;1;1 espresso     ;1;2 espresso     ;1;1 cafe latte   ;1;2 cafe latte   ;1;jug cafe latte ;1;2jug cafe latte;1;foam metered   ;1;foam freeflow  ;1;milk free flow ;1;milk small     ;1;milk large     ;1;blocked        ;1;hot water      ;1;1LatteMacchiato;1;2LatteMacchiato;1;espr. macchiato;1;cup chocolate      ;1;mug chocolate      ;1;cafe mocha         ;1;steam              ;1;chociatto          ;1;1 cappuccino       ;1;1 cafe latte       ;1;1LatteMacchiato    ;1;chociatto          ;1;milk choc          ;1;cappuccino [2]     ;1;2cappuccino [2]    ;1;cappuccino [2]     ;1;pot 35             ;1;pot 50             ;1;pot 70             ;1;table water        ;1;water              ;1;cup                ;1;2 cup              ;1;mug                ;1;pot                ;1;jug                ;1;mocha              ;1;cup choc 2         ;1;mug choc 2         ;1;milk choc 2        ;1;macha              ;1;soup               ;1;choc milk          ;1;choc milk 2        ;1;coffee mocha 2     ;1;milk choc          ;1;LatteMacch.N       ;1;2 LatteMacch.N     ;
25 BrTakt;50;1;50;1;50;1;50;1;50;1;50;1;50;1;50;1;50;1;50;1;50;1;50;1;50;1;50;1;50;1;50;1;50;1;50;1;50;1;50;1;50;1;50;1;50;1;50;1;50;1;50;1;50;1;50;1;50;1;50;1;50;1;50;1;50;1;50;1;50;1;50;1;50;1;50;1;50;1;50;1;50;1;50;1;50;1;50;1;50;1;50;1;50;1;50;1;50;1;50;1;50;1;50;1;50;1;50;1;50;1;50;1;50;1;50;
26 AusgPos;0;1;0;1;0;1;0;1;0;1;0;1;0;1;0;1;0;1;0;1;0;1;0;1;0;1;0;1;0;1;0;1;0;1;0;1;0;1;0;1;0;1;0;1;0;1;0;1;0;1;0;1;0;1;0;1;0;1;0;1;0;1;0;1;0;1;0;1;0;1;0;1;0;1;0;1;0;1;0;1;0;1;0;1;0;1;0;1;0;1;0;1;0;1;0;1;0;1;0;1;0;1;0;1;0;1;0;1;0;1;0;1;0;1;0;
27 ZgbWass;0;1;0;1;0;1;0;1;0;1;0;1;0;1;0;1;0;1;0;1;0;1;0;1;0;1;0;1;0;1;0;1;0;1;0;1;0;1;0;1;0;1;0;1;0;1;200;1;160;1;90;1;0;1;80;1;0;1;0;1;0;1;90;1;100;1;0;1;0;1;0;1;0;1;0;1;0;1;0;1;0;1;0;1;0;1;0;1;0;1;0;1;90;1;105;1;160;1;100;1;120;1;120;1;100;1;100;1;90;1;100;1;0;1;0;
28 MilQual;5;1;5;1;5;1;5;1;5;1;5;1;5;1;5;1;5;1;5;1;5;1;5;1;5;1;5;1;5;1;5;1;5;1;5;1;5;1;5;1;10;1;10;1;5;1;0;1;0;1;5;1;0;1;5;1;0;1;0;1;0;1;0;1;0;1;5;1;5;1;0;1;5;1;5;1;5;1;0;1;0;1;0;1;0;1;0;1;0;1;0;1;5;1;0;1;0;1;0;1;0;1;0;1;0;1;0;1;5;1;0;1;10;1;10;
29 count;0;1;0;1;0;1;0;1;0;1;0;1;0;1;0;1;0;1;0;1;0;1;0;1;0;1;0;1;0;1;0;1;0;1;0;1;0;1;0;1;0;1;0;1;0;1;0;1;0;1;0;1;0;1;0;1;0;1;0;1;0;1;0;1;0;1;0;1;0;1;0;1;0;1;0;1;0;1;0;1;0;1;0;1;0;1;0;1;0;1;0;1;0;1;0;1;0;1;0;1;0;1;0;1;0;1;0;1;0;1;0;1;0;1;0;

